load_zone	timestamp	LZ_NetDispatch	LZ_TXNet	lz_demand_mw	DumpPower
47-ensenada	20160128	0.0	99.56291687999999	99.56291688	2.8421709430404e-14
47-ensenada	20190215	0.0	90.29376069999999	90.2937607	2.8421709430404e-14
47-ensenada	20210128	0.0	86.85367238999999	86.85367239	2.8421709430404e-14
47-ensenada	20230215	0.0	92.99639226000008	92.99639226	2.8421709430404e-14
21-guemez	20160128	125.2540144	0.0	125.2540144	-0.0
21-guemez	20190215	123.308351	0.0	123.308351	-0.0
21-guemez	20210128	135.279354	0.0	135.279354	-0.0
21-guemez	20230215	141.2223054	0.0	141.2223054	-0.0
08-moctezuma	20160128	-0.0	215.8128784999999	215.8128785	-0.0
08-moctezuma	20190215	-0.0	219.19503309999996	219.1950331	-0.0
08-moctezuma	20210128	-0.0	245.37176769999996	245.3717677	-0.0
08-moctezuma	20230215	-0.0	262.5784484000001	262.5784484	-0.0
35-acapulco	20160128	-0.0	309.6222355	309.6222355	-0.0
35-acapulco	20190215	-0.0	320.5083737	320.5083737	-0.0
35-acapulco	20210128	-0.0	349.89809249999996	349.8980925	-0.0
35-acapulco	20230215	-0.0	356.3313546	356.3313546	-0.0
30-queretaro	20160128	2170.2174599	-1014.5548779	1155.662582	-0.0
30-queretaro	20190215	2182.7368364	-985.1950024	1197.541834	-2.27373675443232e-13
30-queretaro	20210128	3299.0794027	-1886.1582247000001	1412.921178	2.27373675443232e-13
30-queretaro	20230215	3299.0794027	-1859.1444357	1439.934967	2.27373675443232e-13
53-mulege	20160128	10.0	0.0	10	-0.0
53-mulege	20190215	10.0	0.0	10	-0.0
53-mulege	20210128	12.0	0.0	12	-0.0
53-mulege	20230215	13.0	0.0	13	-0.0
50-villa_constitucion	20160128	17.17599727	0.0	17.17599727	-0.0
50-villa_constitucion	20190215	16.70002016	0.0	16.70002016	-0.0
50-villa_constitucion	20210128	19.26665214	0.0	19.26665214	-0.0
50-villa_constitucion	20230215	20.59441844	0.0	20.59441844	-0.0
11-laguna	20160128	623.7592184	-110.43345090000003	513.3257675	-0.0
11-laguna	20190215	623.7592184	-102.38876390000007	521.3704545	1.13686837721616e-13
11-laguna	20210128	188.0819133	395.551704	583.6336173	2.8421709430404e-14
11-laguna	20230215	623.7592184	0.8016718999999739	624.5608903	2.27373675443232e-13
40-ixtepec	20160128	121.5858374	0.0	121.5858374	-0.0
40-ixtepec	20190215	125.8607249	0.0	125.8607249	-0.0
40-ixtepec	20210128	137.4018003	0.0	137.4018003	-0.0
40-ixtepec	20230215	139.9280839	0.0	139.9280839	-0.0
17-saltillo	20160128	287.0373089	400.0	687.0373089	-0.0
17-saltillo	20190215	637.5795245	38.7855250999998	676.3650496	-2.8421709430404e-14
17-saltillo	20210128	637.5795245	104.448296	742.0278205	-2.8421709430404e-14
17-saltillo	20230215	637.5795245	137.04628819999994	774.6258127	1.13686837721616e-13
39-grijalva	20160128	0.0	295.9787258	295.9787258	-0.0
39-grijalva	20190215	0.0	306.3851661	306.3851661	-0.0
39-grijalva	20210128	0.0	334.4798264	334.4798264	-0.0
39-grijalva	20230215	0.0	340.6296066	340.6296066	-0.0
43-cancun	20160128	0.0	262.6521795	262.6521795	-0.0
43-cancun	20190215	0.0	272.8820094	272.8820094	-0.0
43-cancun	20210128	0.0	296.060843	296.060843	-0.0
43-cancun	20230215	0.0	352.1008193	352.1008193	-0.0
28-carapan	20160128	0.0	394.5501671999997	394.5501672	-0.0
28-carapan	20190215	0.0	408.8479963	408.8479963	-0.0
28-carapan	20210128	428.3798018	54.0	482.3798018	-0.0
28-carapan	20230215	428.3798018	63.2226701	491.6024719	-0.0
23-guadalajara	20160128	3852.811172	-2473.719908999999	1379.091263	1.70530256582424e-13
23-guadalajara	20190215	3852.811172	-2423.74398	1429.067192	3.41060513164848e-13
23-guadalajara	20210128	4689.3989525	-3003.3123015	1686.086651	-2.27373675443232e-13
23-guadalajara	20230215	4689.3989525	-2971.0758334999996	1718.323119	1.70530256582424e-13
27-manzanillo	20160128	0.0	242.0089118	242.0089118	-0.0
27-manzanillo	20190215	0.0	250.7789044	250.7789044	-0.0
27-manzanillo	20210128	0.0	295.881793	295.881793	-0.0
27-manzanillo	20230215	0.0	301.5387881	301.5387881	-0.0
25-san_luis_potosi	20160128	0.0	528.4694397999999	528.4694398	-0.0
25-san_luis_potosi	20190215	0.0	547.6202763999995	547.6202764	-0.0
25-san_luis_potosi	20210128	0.0	646.1104439000001	646.1104439	-0.0
25-san_luis_potosi	20230215	0.0	658.4634974	658.4634974	-0.0
01-hermosillo	20160128	489.5102315	19.6247237	509.1349552	-0.0
01-hermosillo	20190215	489.5102315	16.1100087	505.6202402	-0.0
01-hermosillo	20210128	555.9566837	0.0	555.9566837	-0.0
01-hermosillo	20230215	555.9566837	30.6072014	586.5638851	-0.0
37-coatzacoalcos	20160128	820.0045273	-428.162118	391.8424093	5.6843418860808e-14
37-coatzacoalcos	20190215	820.0045273	-414.3851661	405.6193612	5.6843418860808e-14
37-coatzacoalcos	20210128	820.0045273	-377.19100849999995	442.8135188	1.13686837721616e-13
37-coatzacoalcos	20230215	820.0045273	-369.0493939	450.9551334	5.6843418860808e-14
09-chihuahua	20160128	0.0	747.7055293	747.7055293	-0.0
09-chihuahua	20190215	0.0	759.4233455	759.4233455	-0.0
09-chihuahua	20210128	0.0	850.1152882	850.1152882	-0.0
09-chihuahua	20230215	0.0	909.7295725999999	909.7295726	-1.13686837721616e-13
33-veracruz	20160128	0.0	351.1993251	351.1993251	-0.0
33-veracruz	20190215	0.0	363.5472896	363.5472896	-0.0
33-veracruz	20210128	0.0	396.8835563	396.8835563	-0.0
33-veracruz	20230215	0.0	404.1806979999999	404.180698	-0.0
05-culiacan	20160128	0.0	250.92641419999995	250.9264142	-0.0
05-culiacan	20190215	0.0	249.19419199999993	249.194192	-0.0
05-culiacan	20210128	0.0	274.0024341999999	274.0024342	-1.13686837721616e-13
05-culiacan	20230215	0.0	289.08714840000005	289.0871484	-0.0
29-lazaro_cardenas	20160128	0.0	405.63925179999944	405.6392518	-0.0
29-lazaro_cardenas	20190215	-0.0	420.3389306	420.3389306	-0.0
29-lazaro_cardenas	20210128	0.0	495.9373944	495.9373944	-0.0
29-lazaro_cardenas	20230215	-0.0	505.4192736	505.4192736	-0.0
48-mexicali	20160128	0.0	577.1174801	577.1174801	-0.0
48-mexicali	20190215	0.0	523.3887202000001	523.3887202	-0.0
48-mexicali	20210128	0.0	503.4482127	503.4482127	4.2632564145606e-14
48-mexicali	20230215	0.0	539.0545520999999	539.0545521	-0.0
13-nuevo_laredo	20160128	0.0	178.43435440000002	178.4343544	-0.0
13-nuevo_laredo	20190215	0.0	175.6626014	175.6626014	-0.0
13-nuevo_laredo	20210128	0.0	192.7162519	192.7162519	-0.0
13-nuevo_laredo	20230215	0.0	201.1824612	201.1824612	-0.0
22-tepic	20160128	0.0	273.5954904	273.5954904	-0.0
22-tepic	20190215	0.0	283.5101271	283.5101271	-0.0
22-tepic	20210128	0.0	334.4997655000001	334.4997655	-0.0
22-tepic	20230215	0.0	340.89510169999994	340.8951017	-0.0
03-obregon	20160128	0.0	262.7973033	262.7973033	-0.0
03-obregon	20190215	0.0	260.9831328	260.9831328	-0.0
03-obregon	20210128	0.0	286.9650095	286.9650095	-0.0
03-obregon	20230215	0.0	302.7633551	302.7633551	-0.0
14-reynosa	20160128	0.0	393.00341829999996	393.0034183	-0.0
14-reynosa	20190215	0.0	386.8986052	386.8986052	-0.0
14-reynosa	20210128	0.0	424.4594379	424.4594379	-0.0
14-reynosa	20230215	0.0	443.1063471	443.1063471	-0.0
32-poza_rica	20160128	0.0	345.4669228	345.4669228	-0.0
32-poza_rica	20190215	0.0	357.6133394	357.6133394	-0.0
32-poza_rica	20210128	0.0	390.40547949999944	390.4054795	-1.13686837721616e-13
32-poza_rica	20230215	0.0	397.5835145000001	397.5835145	-0.0
20-tamazunchale	20160128	0.0	105.4794612	105.4794612	-0.0
20-tamazunchale	20190215	0.0	103.8409706	103.8409706	-0.0
20-tamazunchale	20210128	0.0	113.92204420000002	113.9220442	-0.0
20-tamazunchale	20230215	0.0	118.9267486	118.9267486	-0.0
41-lerma	20160128	0.0	113.07535959999998	113.0753596	2.8421709430404e-14
41-lerma	20190215	0.0	117.47944140000001	117.4794414	-5.6843418860808e-14
41-lerma	20210128	0.0	127.45824670000002	127.4582467	2.8421709430404e-14
41-lerma	20230215	0.0	151.58422379999996	151.5842238	-0.0
12-rio_escondido	20160128	0.0	209.7593043000001	209.7593043	-0.0
12-rio_escondido	20190215	0.0	206.50095770000001	206.5009577	-0.0
12-rio_escondido	20210128	326.5484528	-100.0	226.5484528	-0.0
12-rio_escondido	20230215	326.5484528	-90.0475095999999	236.5009432	-0.0
06-mazatlan	20160128	0.0	127.46142329999998	127.4614233	-0.0
06-mazatlan	20190215	0.0	126.58151800000007	126.581518	-0.0
06-mazatlan	20210128	0.0	139.1831959	139.1831959	-0.0
06-mazatlan	20230215	0.0	146.84567789999994	146.8456779	-0.0
07-juarez	20160128	833.8039386	-435.3679285	398.4360101	-0.0
07-juarez	20190215	833.8039386	-429.1237591	404.6801795	-0.0
07-juarez	20210128	960.0501457	-507.042203	453.0079427	5.6843418860808e-14
07-juarez	20230215	960.0501457	-475.2750477	484.775098	5.6843418860808e-14
16-monterrey	20160128	2883.8223978	-352.31532980000003	2531.507068	2.27373675443232e-13
16-monterrey	20190215	2883.8223978	-391.63910479999976	2492.183293	1.13686837721616e-13
16-monterrey	20210128	3485.4747261	-751.3456651	2734.129061	1.13686837721616e-13
16-monterrey	20230215	3485.4747261	-631.2327601	2854.241966	-0.0
10-durango	20160128	1617.9543224	-1441.8876721	176.0666503	2.27373675443232e-13
10-durango	20190215	1617.9543224	-1439.1284085	178.8259139	1.13686837721616e-13
10-durango	20210128	1617.9543224	-1417.7726396	200.1816828	-0.0
10-durango	20230215	1617.9543224	-1403.7349109000002	214.2194115	2.27373675443232e-13
31-central	20160128	5038.6917656	-232.03651860000002	4806.655247	4.54747350886464e-13
31-central	20190215	5038.6917656	156.1590294	5194.850795	2.27373675443232e-13
31-central	20210128	4754.64915264	1412.256748360001	6166.905901	8.5265128291212e-14
31-central	20230215	5038.6917656	1499.5761354	6538.267901	4.54747350886464e-13
46-tijuana	20160128	1132.99672328	-797.79368528	335.203038	-0.0
46-tijuana	20190215	1027.516451	-723.5203062	303.9961448	-7.105427357601e-14
46-tijuana	20210128	988.36925759	-695.9550157900001	292.4142418	-1.13686837721616e-13
46-tijuana	20230215	1058.27160366	-745.1763852600001	313.0952184	-8.5265128291212e-14
04-los_mochis	20160128	0.0	211.1359822	211.1359822	-0.0
04-los_mochis	20190215	0.0	209.6784457	209.6784457	-0.0
04-los_mochis	20210128	0.0	230.55274300000002	230.552743	-0.0
04-los_mochis	20230215	0.0	243.24541209999995	243.2454121	-0.0
24-aguascalientes	20160128	0.0	942.4466983	942.4466983	-0.0
24-aguascalientes	20190215	0.0	976.5993689	976.5993689	-0.0
24-aguascalientes	20210128	0.0	1152.2419439999999	1152.241944	-0.0
24-aguascalientes	20230215	0.0	1174.2717790000002	1174.271779	1.13686837721616e-13
19-huasteca	20160128	997.7694118	-623.8482343	373.9211775	1.13686837721616e-13
19-huasteca	20190215	997.7694118	-629.6566288	368.112783	-0.0
19-huasteca	20210128	997.7694118	-593.9195586000004	403.8498532	2.8421709430404e-14
19-huasteca	20230215	997.7694118	-576.178048	421.5913638	2.27373675443232e-13
42-merida	20160128	0.0	247.73372210000002	247.7337221	-0.0
42-merida	20190215	0.0	257.38250489999996	257.3825049	-0.0
42-merida	20210128	0.0	279.2447972	279.2447972	-0.0
42-merida	20230215	0.0	332.10174259999997	332.1017426	-0.0
52-los_cabos	20160128	80.17956503	0.0	80.17956503	-0.0
52-los_cabos	20190215	77.95764822	0.0	77.95764822	-0.0
52-los_cabos	20210128	89.93898661	0.0	89.93898661	-0.0
52-los_cabos	20230215	96.13715501	0.0	96.13715501	-0.0
51-la_paz	20160128	70.56759587	0.0	70.56759587	-0.0
51-la_paz	20190215	68.61204364	0.0	68.61204364	-0.0
51-la_paz	20210128	79.15705277	0.0	79.15705277	-0.0
51-la_paz	20230215	84.61218142	0.0	84.61218142	-0.0
36-temascal	20160128	2774.5717073	-2324.5071206	450.0645867	-2.8421709430404e-13
36-temascal	20190215	2774.5717073	-2308.6831107	465.8885966	-4.54747350886464e-13
36-temascal	20210128	3804.04145356	-3295.43217956	508.609274	1.70530256582424e-13
36-temascal	20230215	3804.04145356	-3286.08083746	517.9606161	1.13686837721616e-13
15-matamoros	20160128	0.0	216.8160078	216.8160078	-0.0
15-matamoros	20190215	0.0	213.4480442	213.4480442	-0.0
15-matamoros	20210128	0.0	234.1699753	234.1699753	-0.0
15-matamoros	20230215	0.0	244.4572864	244.4572864	-0.0
38-tabasco	20160128	1175.82460484	-656.91017414	518.9144307	1.13686837721616e-13
38-tabasco	20190215	1519.65480472	-982.49564362	537.1591611	-1.13686837721616e-13
38-tabasco	20210128	1026.88256252	-440.46741322	586.4151493	-1.13686837721616e-13
38-tabasco	20230215	1519.65480472	-922.45776652	597.1970382	-1.13686837721616e-13
44-chetumal	20160128	0.0	33.448912939999985	33.44891294	2.8421709430404e-14
44-chetumal	20190215	0.0	34.751687919999995	34.75168792	-0.0
44-chetumal	20210128	0.0	37.70352632000001	37.70352632	-0.0
44-chetumal	20230215	0.0	44.84025098000001	44.84025098	-0.0
02-cananea	20160128	0.0	130.3752763	130.3752763	-0.0
02-cananea	20190215	0.0	129.4752557	129.4752557	-0.0
02-cananea	20210128	30.8098693	111.5551471	142.3650164	-0.0
02-cananea	20230215	30.8098693	119.39279859999999	150.2026679	-0.0
45-cozumel	20160128	15.96554442	0.0	15.96554442	-0.0
45-cozumel	20190215	16.58737366	0.0	16.58737366	-0.0
45-cozumel	20210128	17.99631951	0.0	17.99631951	-0.0
45-cozumel	20230215	21.4027589	0.0	21.4027589	-0.0
26-salamanca	20160128	0.0	567.3339843	567.3339843	-0.0
26-salamanca	20190215	0.0	587.8932061000005	587.8932061	-0.0
26-salamanca	20210128	0.0	693.6265086	693.6265086	-1.13686837721616e-13
26-salamanca	20230215	0.0	706.8880267	706.8880267	1.4210854715202e-13
18-valles	20160128	-0.0	176.0854381	176.0854381	-0.0
18-valles	20190215	-0.0	173.3501726	173.3501726	-0.0
18-valles	20210128	-0.0	190.1793282	190.1793282	-0.0
18-valles	20230215	-0.0	198.5340881	198.5340881	-0.0
49-san_luis_rio_colorado	20160128	-0.0	121.1132883	121.1132883	-0.0
49-san_luis_rio_colorado	20190215	-0.0	109.8378253	109.8378253	-0.0
49-san_luis_rio_colorado	20210128	-0.0	105.6531307	105.6531307	-0.0
49-san_luis_rio_colorado	20230215	-0.0	113.1254409	113.1254409	-0.0
34-puebla	20160128	0.0	1135.104492	1135.104492	-0.0
34-puebla	20190215	0.0	1175.0141079999999	1175.014108	-0.0
34-puebla	20210128	0.0	1282.7596049999997	1282.759605	-0.0
34-puebla	20230215	0.0	1306.344555	1306.344555	-0.0
